%YAML:1.0
Rotation: !!opencv-matrix
   rows: 3
   cols: 1
   dt: d
   data: [ 1.9014221410005030e+00, 4.2948595399146788e-01,
       -3.2262052400141672e-01 ]
%YAML:1.0
Translation: !!opencv-matrix
   rows: 3
   cols: 1
   dt: d
   data: [ 4.9430939870751865e+02, -3.0015684100106071e+01,
       7.6372873109919749e+02 ]
