####################
Camera calibration 1
####################

Rotation matrix:

[0.35755884,  0.93057303,  0.07864807;
 0.38189621, -0.06884507, -0.92163748;
 -0.85223644,  0.35957503, -0.37999848]

Translation vector:

[219.37765512; -331.12493408; 1549.41715185]

Camera matrix:

[941.58443887, 0, 635.67355862;
 0, 940.53743781,  406.05720682;
 0, 0, 1]


 ####################
 Camera calibration 2
 ####################

Rotation matrix:

[0.89696454,  0.44168224, -0.01927214;
 0.14154111, -0.32819185, -0.93394658;
 -0.41883258,  0.83498917, -0.35689265]

Translation vector:

[494.30939871; -30.0156841; 763.7287311]

Camera matrix:

[941.58443887, 0, 635.67355862;
 0, 940.53743781, 406.05720682;
 0, 0, 1]


 ####################
 Camera calibration 3
 ####################

Rotation matrix:

[-7.40752368e-01, 6.71778176e-01, 1.05507918e-04;
 2.23503974e-01, 2.46600138e-01, -9.42992230e-01;
 -6.33507618e-01, -6.98500146e-01, -3.32814728e-01]

Translation vector:

[-667.53417003; 59.54288105; 511.86885591]

Camera matrix:

[941.58443887, 0, 635.67355862;
 0, 940.53743781, 406.05720682;
 0, 0, 1]


 ####################
 Camera calibration 4
 ####################

Rotation matrix:

[-0.4109071, -0.91147646, -0.01913146;
 -0.34231628, 0.17370274, -0.92338883;
 0.84497037, -0.37287801, -0.38338892]

Translation vector:

[677.00358251; 102.42838458; 375.57183114]

Camera matrix:
[964.56356079, 0, 652.90779396;
 0, 967.2439532, 397.17658447;
 0, 0, 1]
